CPU_Hour,Failures,Cum_Failures
1,27,27
2,16,43
3,11,54
4,10,64
5,11,75
6,7,82
7,2,84
8,5,89
9,3,92
10,1,93
11,4,97
12,7,104
13,2,106
14,5,111
15,5,116
16,6,122
17,0,122
18,5,i27
19,1,128
20,1,129
21,2,131
22,1,132
23,2,134
24,1,135
25,1,136
